110.000 0.0567551
111.000 0.0555409
112.000 0.0543527
113.000 0.0531899
114.000 0.0520519
115.000 0.0509383
116.000 0.0498486
117.000 0.0487821
118.000 0.0477385
119.000 0.0467172
120.000 0.0457177
121.000 0.0447396
122.000 0.0437825
123.000 0.0428458
124.000 0.0419291
125.000 0.0410321
126.000 0.0401543
127.000 0.0392952
128.000 0.0384545
129.000 0.0376319
130.000 0.0368268
131.000 0.0360389
132.000 0.0352679
133.000 0.0345134
134.000 0.0337750
135.000 0.0330524
136.000 0.0323453
137.000 0.0316533
138.000 0.0309761
139.000 0.0303134
140.000 0.0296649
141.000 0.0290302
142.000 0.0284092
143.000 0.0278014
144.000 0.0272066
145.000 0.0266246
146.000 0.0260550
147.000 0.0254975
148.000 0.0249521
149.000 0.0244182
150.000 0.0238958
151.000 0.0233846
152.000 0.0228843
153.000 0.0223947
154.000 0.0219156
155.000 0.0214468
156.000 0.0209879
157.000 0.0205389
158.000 0.0200995
159.000 0.0196695
160.000 0.0192487
161.000 0.0188369
162.000 0.0184339
163.000 0.0180395
164.000 0.0176536
165.000 0.0172759
166.000 0.0169063
167.000 0.0165446
168.000 0.0161907
169.000 0.0158443
170.000 0.0155053
171.000 0.0151736
172.000 0.0148490
173.000 0.0145313
174.000 0.0142204
175.000 0.0139162
176.000 0.0136185
177.000 0.0133271
178.000 0.0130420
179.000 0.0127630
180.000 0.0124899
181.000 0.0122227
182.000 0.0119612
183.000 0.0117053
184.000 0.0114549
185.000 0.0112098
186.000 0.0109700
187.000 0.0107353
188.000 0.0105057
189.000 0.0102809
190.000 0.0100610
191.000 0.0098457
192.000 0.0096351
193.000 0.0094289
194.000 0.0092272
195.000 0.0090298
196.000 0.0088366
197.000 0.0086476
198.000 0.0084626
199.000 0.0083298
200.000 0.0082940
201.000 0.0082583
202.000 0.0082228
203.000 0.0081875
204.000 0.0081523
205.000 0.0081172
206.000 0.0080823
207.000 0.0080476
208.000 0.0080130
209.000 0.0079786
210.000 0.0079443
211.000 0.0079101
212.000 0.0078761
213.000 0.0078423
214.000 0.0078086
215.000 0.0077750
216.000 0.0077416
217.000 0.0077083
218.000 0.0076752
219.000 0.0076422
220.000 0.0076093
221.000 0.0075766
222.000 0.0075441
223.000 0.0075116
224.000 0.0074793
225.000 0.0074472
226.000 0.0074152
227.000 0.0073833
228.000 0.0073516
229.000 0.0073200
230.000 0.0072885
231.000 0.0072572
232.000 0.0072260
233.000 0.0071949
234.000 0.0071640
235.000 0.0071332
236.000 0.0071025
237.000 0.0070720
238.000 0.0070416
239.000 0.0070113
240.000 0.0069812
241.000 0.0069512
242.000 0.0069213
243.000 0.0068916
244.000 0.0068620
245.000 0.0068325
246.000 0.0068031
247.000 0.0067738
248.000 0.0067447
249.000 0.0067157
250.000 0.0066869
251.000 0.0066581
252.000 0.0066295
253.000 0.0066010
254.000 0.0065726
255.000 0.0065444
256.000 0.0065163
257.000 0.0064883
258.000 0.0064604
259.000 0.0064326
260.000 0.0064049
261.000 0.0063774
262.000 0.0063500
263.000 0.0063227
264.000 0.0062955
265.000 0.0062685
266.000 0.0062415
267.000 0.0062147
268.000 0.0061880
269.000 0.0061614
270.000 0.0061349
271.000 0.0061085
272.000 0.0060823
273.000 0.0060561
274.000 0.0060301
275.000 0.0060042
276.000 0.0059784
277.000 0.0059527
278.000 0.0059271
279.000 0.0059016
280.000 0.0058762
281.000 0.0058510
282.000 0.0058258
283.000 0.0058008
284.000 0.0057759
285.000 0.0057510
286.000 0.0057263
287.000 0.0057017
288.000 0.0056772
289.000 0.0056528
290.000 0.0056285
291.000 0.0056043
292.000 0.0055802
293.000 0.0055562
294.000 0.0055323
295.000 0.0055086
296.000 0.0054849
297.000 0.0054613
298.000 0.0054378
299.000 0.0054145
300.000 0.0053912
301.000 0.0053680
302.000 0.0053449
303.000 0.0053220
304.000 0.0052991
305.000 0.0052763
306.000 0.0052536
307.000 0.0052311
308.000 0.0052086
309.000 0.0051862
310.000 0.0051639
311.000 0.0051417
312.000 0.0051196
313.000 0.0050976
314.000 0.0050757
315.000 0.0050539
316.000 0.0050321
317.000 0.0050105
318.000 0.0049890
319.000 0.0049675
320.000 0.0049462
321.000 0.0049249
322.000 0.0049037
323.000 0.0048827
324.000 0.0048617
325.000 0.0048408
326.000 0.0048200
327.000 0.0047993
328.000 0.0047786
329.000 0.0047581
330.000 0.0047376
331.000 0.0047173
332.000 0.0046970
333.000 0.0046768
334.000 0.0046567
335.000 0.0046367
336.000 0.0046168
337.000 0.0045969
338.000 0.0045772
339.000 0.0045575
340.000 0.0045379
341.000 0.0045184
342.000 0.0044990
343.000 0.0044796
344.000 0.0044604
345.000 0.0044412
346.000 0.0044221
347.000 0.0044031
348.000 0.0043842
349.000 0.0043653
350.000 0.0043466
351.000 0.0043279
352.000 0.0043093
353.000 0.0042908
354.000 0.0042723
355.000 0.0042539
356.000 0.0042357
357.000 0.0042175
358.000 0.0041993
359.000 0.0041813
360.000 0.0041633
361.000 0.0041454
362.000 0.0041276
363.000 0.0041098
364.000 0.0040922
365.000 0.0040746
366.000 0.0040571
367.000 0.0040396
368.000 0.0040223
369.000 0.0040050
370.000 0.0039878
371.000 0.0039706
372.000 0.0039536
373.000 0.0039366
374.000 0.0039197
375.000 0.0039028
376.000 0.0038860
377.000 0.0038693
378.000 0.0038527
379.000 0.0038361
380.000 0.0038196
381.000 0.0038032
382.000 0.0037869
383.000 0.0037706
384.000 0.0037544
385.000 0.0037383
386.000 0.0037222
387.000 0.0037062
388.000 0.0036903
389.000 0.0036744
390.000 0.0036586
391.000 0.0036429
392.000 0.0036272
393.000 0.0036116
394.000 0.0035961
395.000 0.0035806
396.000 0.0035653
397.000 0.0035499
398.000 0.0035347
399.000 0.0035195
400.000 0.0035043
401.000 0.0034893
402.000 0.0034743
403.000 0.0034594
404.000 0.0034445
405.000 0.0034297
406.000 0.0034149
407.000 0.0034003
408.000 0.0033856
409.000 0.0033711
410.000 0.0033566
411.000 0.0033422
412.000 0.0033278
413.000 0.0033135
414.000 0.0032993
415.000 0.0032851
416.000 0.0032710
417.000 0.0032569
418.000 0.0032429
419.000 0.0032290
420.000 0.0032151
421.000 0.0032013
422.000 0.0031875
423.000 0.0031738
424.000 0.0031602
425.000 0.0031466
426.000 0.0031330
427.000 0.0031196
428.000 0.0031062
429.000 0.0030928
430.000 0.0030795
431.000 0.0030663
432.000 0.0030531
433.000 0.0030400
434.000 0.0030269
435.000 0.0030139
436.000 0.0030010
437.000 0.0029881
438.000 0.0029752
439.000 0.0029624
440.000 0.0029497
441.000 0.0029370
442.000 0.0029244
443.000 0.0029118
444.000 0.0028993
445.000 0.0028868
446.000 0.0028744
447.000 0.0028621
448.000 0.0028498
449.000 0.0028375
450.000 0.0028253
451.000 0.0028132
452.000 0.0028011
453.000 0.0027890
454.000 0.0027771
455.000 0.0027651
456.000 0.0027532
457.000 0.0027414
458.000 0.0027296
459.000 0.0027179
460.000 0.0027062
461.000 0.0026946
462.000 0.0026830
463.000 0.0026715
464.000 0.0026600
465.000 0.0026485
466.000 0.0026372
467.000 0.0026258
468.000 0.0026145
469.000 0.0026033
470.000 0.0025921
471.000 0.0025810
472.000 0.0025699
473.000 0.0025588
474.000 0.0025478
475.000 0.0025369
476.000 0.0025260
477.000 0.0025151
478.000 0.0025043
479.000 0.0024935
480.000 0.0024828
481.000 0.0024721
482.000 0.0024615
483.000 0.0024509
484.000 0.0024404
485.000 0.0024299
486.000 0.0024195
487.000 0.0024091
488.000 0.0023987
489.000 0.0023884
490.000 0.0023781
491.000 0.0023679
492.000 0.0023577
493.000 0.0023476
494.000 0.0023375
495.000 0.0023275
496.000 0.0023175
497.000 0.0023075
498.000 0.0022976
499.000 0.0022877
500.000 0.0022779
501.000 0.0022681
502.000 0.0022583
503.000 0.0022486
504.000 0.0022390
505.000 0.0022293
506.000 0.0022198
507.000 0.0022102
508.000 0.0022007
509.000 0.0021913
510.000 0.0021818
511.000 0.0021725
512.000 0.0021631
513.000 0.0021538
514.000 0.0021446
515.000 0.0021353
516.000 0.0021262
517.000 0.0021170
518.000 0.0021079
519.000 0.0020989
520.000 0.0020898
521.000 0.0020809
522.000 0.0020719
523.000 0.0020630
524.000 0.0020541
525.000 0.0020453
526.000 0.0020365
527.000 0.0020278
528.000 0.0020191
529.000 0.0020104
530.000 0.0020017
531.000 0.0019931
532.000 0.0019846
533.000 0.0019760
534.000 0.0019675
535.000 0.0019591
536.000 0.0019507
537.000 0.0019423
538.000 0.0019339
539.000 0.0019256
540.000 0.0019173
541.000 0.0019091
542.000 0.0019009
543.000 0.0018927
544.000 0.0018846
545.000 0.0018765
546.000 0.0018684
547.000 0.0018604
548.000 0.0018524
549.000 0.0018444
550.000 0.0018365
551.000 0.0018286
552.000 0.0018207
553.000 0.0018129
554.000 0.0018051
555.000 0.0017974
556.000 0.0017896
557.000 0.0017820
558.000 0.0017743
559.000 0.0017667
560.000 0.0017591
561.000 0.0017515
562.000 0.0017440
563.000 0.0017365
564.000 0.0017290
565.000 0.0017216
566.000 0.0017142
567.000 0.0017068
568.000 0.0016995
569.000 0.0016922
570.000 0.0016849
571.000 0.0016777
572.000 0.0016705
573.000 0.0016633
574.000 0.0016561
575.000 0.0016490
576.000 0.0016419
577.000 0.0016349
578.000 0.0016278
579.000 0.0016208
580.000 0.0016139
581.000 0.0016069
582.000 0.0016000
583.000 0.0015931
584.000 0.0015863
585.000 0.0015795
586.000 0.0015727
587.000 0.0015659
588.000 0.0015592
589.000 0.0015525
590.000 0.0015458
591.000 0.0015392
592.000 0.0015326
593.000 0.0015260
594.000 0.0015194
595.000 0.0015129
596.000 0.0015064
597.000 0.0014999
598.000 0.0014935
599.000 0.0014923
600.000 0.0014967
601.000 0.0015011
602.000 0.0015056
603.000 0.0015101
604.000 0.0015145
605.000 0.0015190
606.000 0.0015235
607.000 0.0015280
608.000 0.0015326
609.000 0.0015371
610.000 0.0015417
611.000 0.0015462
612.000 0.0015508
613.000 0.0015554
614.000 0.0015600
615.000 0.0015647
616.000 0.0015693
617.000 0.0015739
618.000 0.0015786
619.000 0.0015833
620.000 0.0015880
621.000 0.0015927
622.000 0.0015974
623.000 0.0016021
624.000 0.0016069
625.000 0.0016117
626.000 0.0016164
627.000 0.0016212
628.000 0.0016260
629.000 0.0016308
630.000 0.0016357
631.000 0.0016405
632.000 0.0016454
633.000 0.0016503
634.000 0.0016552
635.000 0.0016601
636.000 0.0016650
637.000 0.0016699
638.000 0.0016749
639.000 0.0016798
640.000 0.0016848
641.000 0.0016898
642.000 0.0016948
643.000 0.0016998
644.000 0.0017049
645.000 0.0017099
646.000 0.0017150
647.000 0.0017201
648.000 0.0017252
649.000 0.0017303
650.000 0.0017354
651.000 0.0017406
652.000 0.0017457
653.000 0.0017509
654.000 0.0017561
655.000 0.0017613
656.000 0.0017665
657.000 0.0017718
658.000 0.0017770
659.000 0.0017823
660.000 0.0017876
661.000 0.0017929
662.000 0.0017982
663.000 0.0018035
664.000 0.0018089
665.000 0.0018142
666.000 0.0018196
667.000 0.0018250
668.000 0.0018304
669.000 0.0018358
670.000 0.0018413
671.000 0.0018467
672.000 0.0018522
673.000 0.0018577
674.000 0.0018632
675.000 0.0018687
676.000 0.0018743
677.000 0.0018798
678.000 0.0018854
679.000 0.0018910
680.000 0.0018966
681.000 0.0019022
682.000 0.0019078
683.000 0.0019135
684.000 0.0019192
685.000 0.0019249
686.000 0.0019306
687.000 0.0019363
688.000 0.0019420
689.000 0.0019478
690.000 0.0019536
691.000 0.0019593
692.000 0.0019652
693.000 0.0019710
694.000 0.0019768
695.000 0.0019827
696.000 0.0019886
697.000 0.0019945
698.000 0.0020004
699.000 0.0020063
700.000 0.0020122
701.000 0.0020182
702.000 0.0020242
703.000 0.0020302
704.000 0.0020362
705.000 0.0020422
706.000 0.0020483
707.000 0.0020544
708.000 0.0020605
709.000 0.0020666
710.000 0.0020727
711.000 0.0020788
712.000 0.0020850
713.000 0.0020912
714.000 0.0020974
715.000 0.0021036
716.000 0.0021098
717.000 0.0021161
718.000 0.0021224
719.000 0.0021287
720.000 0.0021350
721.000 0.0021413
722.000 0.0021476
723.000 0.0021540
724.000 0.0021604
725.000 0.0021668
726.000 0.0021732
727.000 0.0021797
728.000 0.0021861
729.000 0.0021926
730.000 0.0021991
731.000 0.0022056
732.000 0.0022122
733.000 0.0022187
734.000 0.0022253
735.000 0.0022319
736.000 0.0022385
737.000 0.0022451
738.000 0.0022518
739.000 0.0022585
740.000 0.0022652
741.000 0.0022719
742.000 0.0022786
743.000 0.0022854
744.000 0.0022921
745.000 0.0022989
746.000 0.0023057
747.000 0.0023126
748.000 0.0023194
749.000 0.0023263
750.000 0.0023332
751.000 0.0023401
752.000 0.0023471
753.000 0.0023540
754.000 0.0023610
755.000 0.0023680
756.000 0.0023750
757.000 0.0023821
758.000 0.0023891
759.000 0.0023962
760.000 0.0024033
761.000 0.0024104
762.000 0.0024176
763.000 0.0024247
764.000 0.0024319
765.000 0.0024391
766.000 0.0024464
767.000 0.0024536
768.000 0.0024609
769.000 0.0024682
770.000 0.0024755
771.000 0.0024828
772.000 0.0024902
773.000 0.0024976
774.000 0.0025050
775.000 0.0025124
776.000 0.0025199
777.000 0.0025273
778.000 0.0025348
779.000 0.0025423
780.000 0.0025499
781.000 0.0025574
782.000 0.0025650
783.000 0.0025726
784.000 0.0025802
785.000 0.0025879
786.000 0.0025956
787.000 0.0026032
788.000 0.0026110
789.000 0.0026187
790.000 0.0026265
791.000 0.0026343
792.000 0.0026421
793.000 0.0026499
794.000 0.0026577
795.000 0.0026656
796.000 0.0026735
797.000 0.0026815
798.000 0.0026894
799.000 0.0026974
800.000 0.0027054
801.000 0.0027134
802.000 0.0027214
803.000 0.0027295
804.000 0.0027376
805.000 0.0027457
806.000 0.0027538
807.000 0.0027620
808.000 0.0027702
809.000 0.0027784
810.000 0.0027866
811.000 0.0027949
812.000 0.0028032
813.000 0.0028115
814.000 0.0028198
815.000 0.0028282
816.000 0.0028366
817.000 0.0028450
818.000 0.0028534
819.000 0.0028619
820.000 0.0028704
821.000 0.0028789
822.000 0.0028874
823.000 0.0028960
824.000 0.0029045
825.000 0.0029131
826.000 0.0029218
827.000 0.0029304
828.000 0.0029391
829.000 0.0029478
830.000 0.0029566
831.000 0.0029653
832.000 0.0029741
833.000 0.0029830
834.000 0.0029918
835.000 0.0030007
836.000 0.0030096
837.000 0.0030185
838.000 0.0030274
839.000 0.0030364
840.000 0.0030454
841.000 0.0030544
842.000 0.0030635
843.000 0.0030726
844.000 0.0030817
845.000 0.0030908
846.000 0.0031000
847.000 0.0031092
848.000 0.0031184
849.000 0.0031276
850.000 0.0031369
851.000 0.0031462
852.000 0.0031555
853.000 0.0031649
854.000 0.0031742
855.000 0.0031837
856.000 0.0031931
857.000 0.0032026
858.000 0.0032121
859.000 0.0032216
860.000 0.0032311
861.000 0.0032407
862.000 0.0032503
863.000 0.0032599
864.000 0.0032696
865.000 0.0032793
866.000 0.0032890
867.000 0.0032988
868.000 0.0033085
869.000 0.0033184
870.000 0.0033282
871.000 0.0033381
872.000 0.0033479
873.000 0.0033579
874.000 0.0033678
875.000 0.0033778
876.000 0.0033878
877.000 0.0033979
878.000 0.0034079
879.000 0.0034180
880.000 0.0034282
881.000 0.0034383
882.000 0.0034485
883.000 0.0034587
884.000 0.0034690
885.000 0.0034793
886.000 0.0034896
887.000 0.0034999
888.000 0.0035103
889.000 0.0035207
890.000 0.0035312
891.000 0.0035416
892.000 0.0035521
893.000 0.0035627
894.000 0.0035732
895.000 0.0035838
896.000 0.0035944
897.000 0.0036051
898.000 0.0036158
899.000 0.0036265
900.000 0.0036372
901.000 0.0036480
902.000 0.0036588
903.000 0.0036697
904.000 0.0036806
905.000 0.0036915
906.000 0.0037024
907.000 0.0037134
908.000 0.0037244
909.000 0.0037354
910.000 0.0037465
911.000 0.0037576
912.000 0.0037687
913.000 0.0037799
914.000 0.0037911
915.000 0.0038024
916.000 0.0038136
917.000 0.0038249
918.000 0.0038363
919.000 0.0038476
920.000 0.0038591
921.000 0.0038705
922.000 0.0038820
923.000 0.0038935
924.000 0.0039050
925.000 0.0039166
926.000 0.0039282
927.000 0.0039398
928.000 0.0039515
929.000 0.0039632
930.000 0.0039750
931.000 0.0039868
932.000 0.0039986
933.000 0.0040104
934.000 0.0040223
935.000 0.0040342
936.000 0.0040462
937.000 0.0040582
938.000 0.0040702
939.000 0.0040823
940.000 0.0040944
941.000 0.0041065
942.000 0.0041187
943.000 0.0041309
944.000 0.0041432
945.000 0.0041554
946.000 0.0041678
947.000 0.0041801
948.000 0.0041925
949.000 0.0042049
950.000 0.0042174
951.000 0.0042299
952.000 0.0042424
953.000 0.0042550
954.000 0.0042676
955.000 0.0042803
956.000 0.0042930
957.000 0.0043057
958.000 0.0043185
959.000 0.0043313
960.000 0.0043441
961.000 0.0043570
962.000 0.0043699
963.000 0.0043828
964.000 0.0043958
965.000 0.0044089
966.000 0.0044219
967.000 0.0044350
968.000 0.0044482
969.000 0.0044614
970.000 0.0044746
971.000 0.0044879
972.000 0.0045012
973.000 0.0045145
974.000 0.0045279
975.000 0.0045413
976.000 0.0045548
977.000 0.0045683
978.000 0.0045818
979.000 0.0045954
980.000 0.0046090
981.000 0.0046227
982.000 0.0046364
983.000 0.0046501
984.000 0.0046639
985.000 0.0046777
986.000 0.0046916
987.000 0.0047055
988.000 0.0047195
989.000 0.0047334
990.000 0.0047475
991.000 0.0047615
992.000 0.0047757
993.000 0.0047898
994.000 0.0048040
995.000 0.0048183
996.000 0.0048325
997.000 0.0048469
998.000 0.0048612
999.000 0.0048756
