140 7.020580397765672e-05
141 7.026530752936729e-05
142 7.034079398764383e-05
143 7.043622786251376e-05
144 7.055647504193833e-05
145 7.070748885718063e-05
146 7.089653058024254e-05
147 7.113242996526494e-05
148 7.142589223019174e-05
149 7.178985874930937e-05
150 7.223992969919927e-05
151 7.279485797825246e-05
152 7.347712491163296e-05
153 7.431360956821264e-05
154 7.533636496264292e-05
155 7.658351600378784e-05
156 7.810029578991388e-05
157 7.994023875126526e-05
158 8.216655121212703e-05
159 8.485368219756333e-05
160 8.808911975524403e-05
161 9.19754407107894e-05
162 9.663264463658931e-05
163 0.0001022008058998594
164 0.00010884308097651224
165 0.0001167491117839436
166 0.00012613886960861903
167 0.0001372669882938022
168 0.00015042763971907623
169 0.00016596000925636937
170 0.0001842544338365941
171 0.0002057592705159222
172 0.0002309885689998656
173 0.00026053062747500026
174 0.0002950575173199646
175 0.0003353356688263914
176 0.00038223761696307265
177 0.00043675501346852625
178 0.000500013019163198
179 0.000573286198336726
180 0.0006580160453913396
181 0.0007558302826116753
182 0.00086856407698543
183 0.000998283333418687
184 0.0011473102314734655
185 0.0013182511829015696
186 0.001514027397754844
187 0.0017379082577137443
188 0.001993547706488202
189 0.002285023878701149
190 0.0026168822005574795
191 0.0029941822078219803
192 0.0034225483391676238
193 0.003908224975800992
194 0.004458136011410461
195 0.005079949249903134
196 0.005782145942083124
197 0.006574095786360087
198 0.007466137732747801
199 0.008469666943798339
200 0.009597228280699104
201 0.010862616697519794
202 0.012280984941508881
203 0.013868958972387274
204 0.015644761528744108
205 0.017628344284882323
206 0.019841529056769582
207 0.02230815853108985
208 0.025054257006746343
209 0.02810820165350153
210 0.03150090480773395
211 0.035266007840515916
212 0.0394400871483366
213 0.04406287283179459
214 0.04917748064242067
215 0.0548306577924497
216 0.06107304323679606
217 0.06795944305068925
218 0.07554912154034318
219 0.0839061087376619
220 0.09309952494326856
221 0.10320392299507862
222 0.11429964895217934
223 0.12647322189590418
224 0.1398177335616712
225 0.1544332685263619
226 0.170427345686732
227 0.18791538177452877
228 0.20702117766362274
229 0.22787742823352516
230 0.25062625656212445
231 0.2754197732283128
232 0.3024206615123603
233 0.3318027892884294
234 0.36375184840947355
235 0.3984660223898655
236 0.43615668319554535
237 0.47704911795513094
238 0.5213832864083386
239 0.5694146099102134
240 0.6214147928110042
241 0.6776726770320661
242 0.7384951306579473
243 0.8042079713636723
244 0.875156925494397
245 0.951708623611783
246 1.0342516333179006
247 1.1231975301630368
248 1.2189820074384112
249 1.3220660256487164
250 1.4329370024524102
251 1.5521100438497402
252 1.6801292173898237
253 1.817568868158508
254 1.9650349782983456
255 2.123166570800685
256 2.2926371582978593
257 2.4741562375703987
258 2.668470830470606
259 2.876367071949134
260 3.0986718458557907
261 3.3362544691698917
262 3.590028425298176
263 3.860953147060943
264 4.150035849968418
265 4.458333416370221
266 4.786954331041077
267 5.137060668744938
268 5.509870134298877
269 5.906658155636015
270 6.328760030343887
271 6.777573126132154
272 7.254559135658871
273 7.761246386121174
274 8.299232203990623
275 8.870185335248358
276 9.47584842144885
277 10.11804053191569
278 10.798659752344543
279 11.519685830062436
280 12.283182876163613
281 13.091302124715689
282 13.94628474919976
283 14.850464736320152
284 15.806271817291305
285 16.816234456677932
286 17.882982898837085
287 19.009252271979978
288 20.197885749841003
289 21.45183777091296
290 22.774177315175166
291 24.168091238212195
292 25.636887662590297
293 27.18399942632709
294 28.81298758826135
295 30.527544990097336
296 32.33149987486853
297 34.22881956153592
298 36.223614175403135
299 38.32014043400371
