Executing C:\Users\Jason Fucik\OneDrive - California Institute of Technology\Documents\Zemax\MACROS\UVEX\spot_grid_gen_GIA.zpl.
-2.260 -1.760 -61.299 -60.055 0.400
-2.060 -1.760 -54.333 -60.101 0.400
-1.860 -1.760 -47.372 -60.146 0.400
-1.660 -1.760 -40.407 -60.189 0.400
-1.460 -1.760 -33.444 -60.228 0.400
-1.260 -1.760 -26.483 -60.257 0.400
-1.060 -1.760 -19.516 -60.285 0.400
-0.860 -1.760 -12.555 -60.308 0.400
-0.660 -1.760 -5.588 -60.323 0.400
-0.460 -1.760 1.377 -60.339 0.400
-0.260 -1.760 8.340 -60.346 0.400
-0.060 -1.760 15.301 -60.349 0.400
0.140 -1.760 22.266 -60.346 0.400
0.340 -1.760 29.231 -60.340 0.400
0.540 -1.760 36.194 -60.332 0.400
0.740 -1.760 43.159 -60.314 0.400
0.940 -1.760 50.120 -60.296 0.400
1.140 -1.760 57.086 -60.271 0.400
-2.260 -1.560 -61.296 -53.210 0.400
-2.060 -1.560 -54.330 -53.259 0.400
-1.860 -1.560 -47.369 -53.306 0.400
-1.660 -1.560 -40.409 -53.345 0.400
-1.460 -1.560 -33.441 -53.382 0.400
-1.260 -1.560 -26.481 -53.412 0.400
-1.060 -1.560 -19.514 -53.439 0.400
-0.860 -1.560 -12.554 -53.460 0.400
-0.660 -1.560 -5.591 -53.479 0.400
-0.460 -1.560 1.374 -53.491 0.400
-0.260 -1.560 8.340 -53.501 0.400
-0.060 -1.560 15.302 -53.501 0.400
0.140 -1.560 22.267 -53.499 0.400
0.340 -1.560 29.232 -53.493 0.400
0.540 -1.560 36.192 -53.488 0.400
0.740 -1.560 43.160 -53.472 0.400
0.940 -1.560 50.120 -53.451 0.400
1.140 -1.560 57.085 -53.424 0.400
-2.260 -1.360 -61.292 -46.366 0.400
-2.060 -1.360 -54.329 -46.417 0.400
-1.860 -1.360 -47.367 -46.459 0.400
-1.660 -1.360 -40.406 -46.498 0.400
-1.460 -1.360 -33.444 -46.532 0.400
-1.260 -1.360 -26.479 -46.567 0.400
-1.060 -1.360 -19.516 -46.593 0.400
-0.860 -1.360 -12.550 -46.614 0.400
-0.660 -1.360 -5.586 -46.634 0.400
-0.460 -1.360 1.376 -46.642 0.400
-0.260 -1.360 8.341 -46.649 0.400
-0.060 -1.360 15.302 -46.655 0.400
0.140 -1.360 22.269 -46.653 0.400
0.340 -1.360 29.231 -46.649 0.400
0.540 -1.360 36.196 -46.637 0.400
0.740 -1.360 43.158 -46.622 0.400
0.940 -1.360 50.123 -46.602 0.400
1.140 -1.360 57.086 -46.579 0.400
-2.260 -1.160 -61.286 -39.519 0.400
-2.060 -1.160 -54.327 -39.572 0.400
-1.860 -1.160 -47.363 -39.614 0.400
-1.660 -1.160 -40.402 -39.649 0.400
-1.460 -1.160 -33.441 -39.687 0.400
-1.260 -1.160 -26.480 -39.718 0.400
-1.060 -1.160 -19.514 -39.742 0.400
-0.860 -1.160 -12.552 -39.766 0.400
-0.660 -1.160 -5.584 -39.781 0.400
-0.460 -1.160 1.377 -39.790 0.400
-0.260 -1.160 8.338 -39.803 0.400
-0.060 -1.160 15.303 -39.801 0.400
0.140 -1.160 22.267 -39.800 0.400
0.340 -1.160 29.230 -39.798 0.400
0.540 -1.160 36.193 -39.787 0.400
0.740 -1.160 43.157 -39.771 0.400
0.940 -1.160 50.119 -39.752 0.400
1.140 -1.160 57.085 -39.729 0.400
-2.260 -0.960 -61.286 -32.673 0.400
-2.060 -0.960 -54.325 -32.717 0.400
-1.860 -0.960 -47.361 -32.765 0.400
-1.660 -0.960 -40.399 -32.803 0.400
-1.460 -0.960 -33.439 -32.833 0.400
-1.260 -0.960 -26.473 -32.867 0.400
-1.060 -0.960 -19.512 -32.890 0.400
-0.860 -0.960 -12.549 -32.908 0.400
-0.660 -0.960 -5.585 -32.927 0.400
-0.460 -0.960 1.378 -32.942 0.400
-0.260 -0.960 8.338 -32.948 0.400
-0.060 -0.960 15.304 -32.953 0.400
0.140 -0.960 22.267 -32.949 0.400
0.340 -0.960 29.229 -32.943 0.400
0.540 -0.960 36.193 -32.930 0.400
0.740 -0.960 43.158 -32.918 0.400
0.940 -0.960 50.115 -32.902 0.400
1.140 -0.960 57.080 -32.877 0.400
-2.260 -0.760 -61.281 -25.820 0.400
-2.060 -0.760 -54.321 -25.869 0.400
-1.860 -0.760 -47.359 -25.907 0.400
-1.660 -0.760 -40.396 -25.947 0.400
-1.460 -0.760 -33.431 -25.980 0.400
-1.260 -0.760 -26.473 -26.008 0.400
-1.060 -0.760 -19.509 -26.033 0.400
-0.860 -0.760 -12.546 -26.055 0.400
-0.660 -0.760 -5.583 -26.070 0.400
-0.460 -0.760 1.381 -26.085 0.400
-0.260 -0.760 8.341 -26.091 0.400
-0.060 -0.760 15.307 -26.092 0.400
0.140 -0.760 22.266 -26.090 0.400
0.340 -0.760 29.228 -26.087 0.400
0.540 -0.760 36.195 -26.076 0.400
0.740 -0.760 43.155 -26.062 0.400
0.940 -0.760 50.115 -26.044 0.400
1.140 -0.760 57.077 -26.022 0.400
-2.260 -0.560 -61.274 -18.964 0.400
-2.060 -0.560 -54.313 -19.012 0.400
-1.860 -0.560 -47.352 -19.051 0.400
-1.660 -0.560 -40.392 -19.091 0.400
-1.460 -0.560 -33.429 -19.124 0.400
-1.260 -0.560 -26.466 -19.155 0.400
-1.060 -0.560 -19.503 -19.179 0.400
-0.860 -0.560 -12.545 -19.199 0.400
-0.660 -0.560 -5.581 -19.214 0.400
-0.460 -0.560 1.383 -19.225 0.400
-0.260 -0.560 8.346 -19.234 0.400
-0.060 -0.560 15.303 -19.234 0.400
0.140 -0.560 22.268 -19.236 0.400
0.340 -0.560 29.229 -19.230 0.400
0.540 -0.560 36.190 -19.220 0.400
0.740 -0.560 43.152 -19.206 0.400
0.940 -0.560 50.113 -19.189 0.400
1.140 -0.560 57.077 -19.164 0.400
-2.260 -0.360 -61.269 -12.112 0.400
-2.060 -0.360 -54.309 -12.155 0.400
-1.860 -0.360 -47.348 -12.197 0.400
-1.660 -0.360 -40.386 -12.233 0.400
-1.460 -0.360 -33.422 -12.266 0.400
-1.260 -0.360 -26.464 -12.292 0.400
-1.060 -0.360 -19.500 -12.317 0.400
-0.860 -0.360 -12.544 -12.335 0.400
-0.660 -0.360 -5.580 -12.353 0.400
-0.460 -0.360 1.379 -12.365 0.400
-0.260 -0.360 8.347 -12.372 0.400
-0.060 -0.360 15.306 -12.375 0.400
0.140 -0.360 22.269 -12.375 0.400
0.340 -0.360 29.228 -12.369 0.400
0.540 -0.360 36.192 -12.358 0.400
0.740 -0.360 43.151 -12.345 0.400
0.940 -0.360 50.110 -12.327 0.400
1.140 -0.360 57.070 -12.307 0.400
-2.260 -0.160 -61.260 -5.255 0.400
-2.060 -0.160 -54.303 -5.297 0.400
-1.860 -0.160 -47.339 -5.334 0.400
-1.660 -0.160 -40.383 -5.371 0.400
-1.460 -0.160 -33.422 -5.405 0.400
-1.260 -0.160 -26.458 -5.434 0.400
-1.060 -0.160 -19.498 -5.457 0.400
-0.860 -0.160 -12.537 -5.477 0.400
-0.660 -0.160 -5.577 -5.495 0.400
-0.460 -0.160 1.384 -5.498 0.400
-0.260 -0.160 8.346 -5.507 0.400
-0.060 -0.160 15.307 -5.510 0.400
0.140 -0.160 22.264 -5.508 0.400
0.340 -0.160 29.225 -5.505 0.400
0.540 -0.160 36.190 -5.495 0.400
0.740 -0.160 43.148 -5.483 0.400
0.940 -0.160 50.108 -5.462 0.400
1.140 -0.160 57.068 -5.446 0.400
-2.260 0.040 -61.252 1.607 0.400
-2.060 0.040 -54.296 1.562 0.400
-1.860 0.040 -47.334 1.525 0.400
-1.660 0.040 -40.376 1.491 0.400
-1.460 0.040 -33.416 1.458 0.400
-1.260 0.040 -26.455 1.431 0.400
-1.060 0.040 -19.495 1.409 0.400
-0.860 0.040 -12.532 1.387 0.400
-0.660 0.040 -5.573 1.376 0.400
-0.460 0.040 1.387 1.360 0.400
-0.260 0.040 8.346 1.357 0.400
-0.060 0.040 15.307 1.352 0.400
0.140 0.040 22.263 1.352 0.400
0.340 0.040 29.225 1.358 0.400
0.540 0.040 36.188 1.366 0.400
0.740 0.040 43.147 1.380 0.400
0.940 0.040 50.106 1.398 0.400
1.140 0.040 57.064 1.418 0.400
-2.260 0.240 -61.244 8.470 0.400
-2.060 0.240 -54.284 8.429 0.400
-1.860 0.240 -47.330 8.389 0.400
-1.660 0.240 -40.368 8.353 0.400
-1.460 0.240 -33.410 8.322 0.400
-1.260 0.240 -26.450 8.295 0.400
-1.060 0.240 -19.490 8.272 0.400
-0.860 0.240 -12.532 8.251 0.400
-0.660 0.240 -5.570 8.240 0.400
-0.460 0.240 1.390 8.226 0.400
-0.260 0.240 8.346 8.222 0.400
-0.060 0.240 15.305 8.216 0.400
0.140 0.240 22.265 8.219 0.400
0.340 0.240 29.225 8.225 0.400
0.540 0.240 36.185 8.234 0.400
0.740 0.240 43.141 8.246 0.400
0.940 0.240 50.101 8.264 0.400
1.140 0.240 57.059 8.283 0.400
-2.260 0.440 -61.237 15.333 0.400
-2.060 0.440 -54.277 15.291 0.400
-1.860 0.440 -47.322 15.253 0.400
-1.660 0.440 -40.359 15.220 0.400
-1.460 0.440 -33.406 15.189 0.400
-1.260 0.440 -26.446 15.162 0.400
-1.060 0.440 -19.484 15.141 0.400
-0.860 0.440 -12.526 15.121 0.400
-0.660 0.440 -5.568 15.109 0.400
-0.460 0.440 1.391 15.096 0.400
-0.260 0.440 8.348 15.088 0.400
-0.060 0.440 15.305 15.089 0.400
0.140 0.440 22.264 15.088 0.400
0.340 0.440 29.225 15.094 0.400
0.540 0.440 36.181 15.102 0.400
0.740 0.440 43.142 15.117 0.400
0.940 0.440 50.099 15.130 0.400
1.140 0.440 57.055 15.149 0.400
-2.260 0.640 -61.223 22.200 0.400
-2.060 0.640 -54.266 22.158 0.400
-1.860 0.640 -47.310 22.120 0.400
-1.660 0.640 -40.352 22.089 0.400
-1.460 0.640 -33.396 22.057 0.400
-1.260 0.640 -26.440 22.032 0.400
-1.060 0.640 -19.477 22.012 0.400
-0.860 0.640 -12.525 21.989 0.400
-0.660 0.640 -5.565 21.979 0.400
-0.460 0.640 1.397 21.968 0.400
-0.260 0.640 8.350 21.957 0.400
-0.060 0.640 15.306 21.958 0.400
0.140 0.640 22.262 21.957 0.400
0.340 0.640 29.222 21.961 0.400
0.540 0.640 36.181 21.973 0.400
0.740 0.640 43.138 21.982 0.400
0.940 0.640 50.090 21.999 0.400
1.140 0.640 57.050 22.022 0.400
-2.260 0.840 -61.216 29.066 0.400
-2.060 0.840 -54.258 29.026 0.400
-1.860 0.840 -47.301 28.990 0.400
-1.660 0.840 -40.347 28.956 0.400
-1.460 0.840 -33.389 28.928 0.400
-1.260 0.840 -26.429 28.904 0.400
-1.060 0.840 -19.474 28.881 0.400
-0.860 0.840 -12.521 28.865 0.400
-0.660 0.840 -5.562 28.848 0.400
-0.460 0.840 1.395 28.839 0.400
-0.260 0.840 8.351 28.833 0.400
-0.060 0.840 15.307 28.830 0.400
0.140 0.840 22.264 28.830 0.400
0.340 0.840 29.217 28.834 0.400
0.540 0.840 36.178 28.842 0.400
0.740 0.840 43.132 28.857 0.400
0.940 0.840 50.089 28.872 0.400
1.140 0.840 57.043 28.891 0.400
-2.260 1.040 -61.201 35.937 0.400
-2.060 1.040 -54.246 35.892 0.400
-1.860 1.040 -47.292 35.860 0.400
-1.660 1.040 -40.338 35.829 0.400
-1.460 1.040 -33.382 35.799 0.400
-1.260 1.040 -26.427 35.774 0.400
-1.060 1.040 -19.466 35.757 0.400
-0.860 1.040 -12.515 35.738 0.400
-0.660 1.040 -5.557 35.724 0.400
-0.460 1.040 1.397 35.710 0.400
-0.260 1.040 8.351 35.704 0.400
-0.060 1.040 15.307 35.703 0.400
0.140 1.040 22.263 35.700 0.400
0.340 1.040 29.219 35.712 0.400
0.540 1.040 36.176 35.717 0.400
0.740 1.040 43.130 35.730 0.400
0.940 1.040 50.087 35.744 0.400
1.140 1.040 57.037 35.764 0.400
-2.260 1.240 -61.191 42.812 0.400
-2.060 1.240 -54.235 42.769 0.400
-1.860 1.240 -47.283 42.737 0.400
-1.660 1.240 -40.326 42.701 0.400
-1.460 1.240 -33.373 42.674 0.400
-1.260 1.240 -26.415 42.650 0.400
-1.060 1.240 -19.465 42.625 0.400
-0.860 1.240 -12.510 42.613 0.400
-0.660 1.240 -5.554 42.601 0.400
-0.460 1.240 1.399 42.589 0.400
-0.260 1.240 8.353 42.581 0.400
-0.060 1.240 15.307 42.579 0.400
0.140 1.240 22.262 42.580 0.400
0.340 1.240 29.219 42.584 0.400
0.540 1.240 36.170 42.594 0.400
0.740 1.240 43.126 42.602 0.400
0.940 1.240 50.079 42.617 0.400
1.140 1.240 57.035 42.638 0.400
-2.260 1.440 -61.178 49.682 0.400
-2.060 1.440 -54.223 49.643 0.400
-1.860 1.440 -47.272 49.610 0.400
-1.660 1.440 -40.318 49.577 0.400
-1.460 1.440 -33.364 49.553 0.400
-1.260 1.440 -26.410 49.529 0.400
-1.060 1.440 -19.455 49.508 0.400
-0.860 1.440 -12.506 49.488 0.400
-0.660 1.440 -5.550 49.476 0.400
-0.460 1.440 1.405 49.465 0.400
-0.260 1.440 8.355 49.461 0.400
-0.060 1.440 15.310 49.455 0.400
0.140 1.440 22.261 49.457 0.400
0.340 1.440 29.213 49.459 0.400
0.540 1.440 36.166 49.467 0.400
0.740 1.440 43.120 49.481 0.400
0.940 1.440 50.074 49.498 0.400
1.140 1.440 57.029 49.519 0.400
-2.260 1.640 -61.161 56.556 0.400
-2.060 1.640 -54.210 56.524 0.400
-1.860 1.640 -47.257 56.489 0.400
-1.660 1.640 -40.307 56.459 0.400
-1.460 1.640 -33.356 56.433 0.400
-1.260 1.640 -26.401 56.405 0.400
-1.060 1.640 -19.452 56.387 0.400
-0.860 1.640 -12.500 56.367 0.400
-0.660 1.640 -5.546 56.359 0.400
-0.460 1.640 1.404 56.345 0.400
-0.260 1.640 8.356 56.339 0.400
-0.060 1.640 15.308 56.335 0.400
0.140 1.640 22.263 56.339 0.400
0.340 1.640 29.216 56.342 0.400
0.540 1.640 36.165 56.352 0.400
0.740 1.640 43.118 56.360 0.400
0.940 1.640 50.067 56.373 0.400
1.140 1.640 57.016 56.392 0.400
